Test Case       |  A   |  B   | Expected Actual | Cout OVF
Zero Cases
1+0  (0001+0000)| 0001 | 0000 |  0001     0001  |  0    0
2+0  (0010+0000)| 0010 | 0000 |  0010     0010  |  0    0
4+0  (0100+0000)| 0100 | 0000 |  0100     0100  |  0    0
-1+0 (1111+0000)| 1111 | 0000 |  1111     1111  |  0    0
-2+0 (1110+0000)| 1110 | 0000 |  1110     1110  |  0    0
-4+0 (1100+0000)| 1100 | 0000 |  1100     1100  |  0    0
-2+0 (1000+0000)| 1000 | 0000 |  1000     1000  |  0    0
 7+0 (0111+0000)| 0111 | 0000 |  0111     0111  |  0    0
 0+0 (0000+0000)| 0000 | 0000 |  0000     0000  |  0    0
Mirrored Zero Cases
 0+1 (0000+0001)| 0000 | 0001 |  0001     0001  |  0    0
 0+2 (0000+0010)| 0000 | 0010 |  0010     0010  |  0    0
 0+4 (0000+0100)| 0000 | 0100 |  0100     0100  |  0    0
 0+7 (0000+0111)| 0000 | 0111 |  0111     0111  |  0    0
0+-1 (0000+1111)| 0000 | 1111 |  1111     1111  |  0    0
0+-2 (0000+1110)| 0000 | 1110 |  1110     1110  |  0    0
0+-4 (0000+1100)| 0000 | 1100 |  1100     1100  |  0    0
0+-8 (0000+1000)| 0000 | 1000 |  1000     1000  |  0    0
Testing Carryouts
 1+1 (0001+0001)| 0001 | 0001 |  0010     0010  |  0    0
-1-1 (1111+1111)| 1111 | 1111 |  1110     1110  |  1    0
 2+2 (0010+0010)| 0010 | 0010 |  0100     0100  |  0    0
-2-2 (1110+1110)| 1110 | 1110 |  1100     1100  |  1    0
-4-4 (1100+1100)| 1100 | 1100 |  1000     1000  |  1    0
Test Overflows
4+4  (0100+0100)| 0100 | 0100 |  1000     1000  |  0    1
7+7  (0111+0111)| 0111 | 0111 |  1110     1110  |  0    1
-8-8 (1000+1000)| 1000 | 1000 |  0000     0000  |  1    1
 5+4 (0101+0100)| 0101 | 0100 |  1001     1001  |  0    1
-5-4 (1011+1100)| 1011 | 1100 |  0111     0111  |  1    1
Regular Cases
1+2  (0001+0010)| 0001 | 0010 |  0011     0011  |  0    0
2+3  (0010+0011)| 0010 | 0011 |  0101     0101  |  0    0
3+4  (0011+0100)| 0011 | 0100 |  0111     0111  |  0    0
1+-2 (0001+1110)| 0001 | 1110 |  1111     1111  |  0    0
-2-4 (1110+1100)| 1110 | 1100 |  1010     1010  |  1    0
2+-4 (0010+1100)| 0010 | 1100 |  1110     1110  |  0    0
-5+7 (1011+0111)| 1011 | 0111 |  0010     0010  |  1    0
